1.739829659461975098e+00
1.767397046089172363e+00
1.829149842262268066e+00
1.847066521644592285e+00
1.866616249084472656e+00
1.899467229843139648e+00
1.901000738143920898e+00
1.936886429786682129e+00
1.968221426010131836e+00
1.973818540573120117e+00
2.017313241958618164e+00
2.036592245101928711e+00
2.043607711791992188e+00
2.069999456405639648e+00
2.102142095565795898e+00
2.105434894561767578e+00
2.155451536178588867e+00
2.179056167602539062e+00
2.208595514297485352e+00
2.241783380508422852e+00
